 40.02001 0.2015164 -0.4112055
 50.02501  14.28264  53.21936
  150.075 -28.14208 -41.10164
 250.1251  34.83946  26.13502
 350.1751  -34.7381 -13.91488
 450.2251  32.89455  6.205832
 550.2751  -31.2843 -0.2603966
 650.3252  30.13397 -6.080432
 750.3752 -26.42344  12.33856
 850.4252  21.06156 -17.30622
 950.4752 -15.34021  19.77194
 1050.525   10.1715 -20.80193
 1150.575  -5.37212  20.90288
 1250.625 0.8974779 -20.34296
 1350.675   3.07456  18.52036
 1450.725 -6.037652 -16.01177
 1550.775  8.167073  13.44649
 1650.825 -9.670428 -11.02915
 1750.875  10.55824  8.495312
 1850.925 -11.05453 -6.003002
 1950.975  10.95873  3.736426
 2051.026 -10.63784  -1.82458
 2151.076  10.10343 0.07775005
 2251.126 -9.396681  1.390829
 2351.176  8.441674 -2.801445
 2451.226 -7.398771   3.78284
 2551.276  6.234705 -4.488573
 2651.326 -5.243939  5.008492
 2751.376  4.271949  -5.38619
 2851.426 -3.174707  5.700879
 2951.476  2.296199 -5.843282
